USD/CZK=25.26017
USD/EUR=0.93218364
USD/CAD=1.33
USD/RUB=56.12